3 0.553125 0.146875 0.021875 0.03046875
3 0.67734375 0.259375 0.0421875 0.05546875
0 0.80625 0.4265625 0.01484375 0.02578125
2 0.1875 0.55 0.034375 0.18125
2 0.2390625 0.578125 0.05859375 0.27578125
2 0.3125 0.5734375 0.03515625 0.2
2 0.3765625 0.63515625 0.04375 0.2296875
2 0.40234375 0.46484375 0.0296875 0.1546875
2 0.37890625 0.4546875 0.0265625 0.16171875
2 0.475 0.678125 0.0625 0.203125
2 0.5984375 0.6109375 0.04375 0.20078125
2 0.6484375 0.56953125 0.02578125 0.1359375
2 0.7046875 0.59296875 0.03046875 0.2109375
2 0.8125 0.5109375 0.028125 0.203125
2 0.6453125 0.7265625 0.03671875 0.221875
0 0.4 0.3234375 0.01171875 0.02421875
2 0.21953125 0.24453125 0.0203125 0.0984375
2 0.2859375 0.29375 0.02890625 0.08203125
2 0.3546875 0.28125 0.02265625 0.07578125
2 0.43125 0.278125 0.02734375 0.09140625
2 0.446875 0.2671875 0.00859375 0.09375
2 0.4546875 0.246875 0.009375 0.03203125
2 0.475 0.246875 0.015625 0.06328125
2 0.465625 0.290625 0.01796875 0.08671875
2 0.4859375 0.315625 0.03203125 0.08359375
2 0.5203125 0.3015625 0.021875 0.09375
2 0.6453125 0.3078125 0.01875 0.12578125