3 0.7078125 0.325 0.0625 0.090625
0 0.31640625 0.5546875 0.0265625 0.04375
2 0.0328125 0.47734375 0.065625 0.2890625
2 0.059375 0.64921875 0.11875 0.3578125
2 0.2734375 0.59140625 0.134375 0.2984375
2 0.40703125 0.53984375 0.1046875 0.2453125
2 0.46953125 0.54609375 0.0984375 0.2046875
2 0.5375 0.546875 0.09375 0.21875
2 0.35859375 0.87421875 0.1171875 0.2234375
2 0.5765625 0.70546875 0.13125 0.3546875
2 0.69765625 0.69765625 0.1265625 0.3578125
2 0.7 0.48671875 0.103125 0.2546875
2 0.6140625 0.4 0.096875 0.240625
0 0.6359375 0.37421875 0.021875 0.0359375