3 0.225 0.2875 0.04453125 0.06015625
2 0.65546875 0.6234375 0.1828125 0.45390625
2 0.4609375 0.584375 0.090625 0.30703125
2 0.3671875 0.5359375 0.06875 0.19453125
2 0.196875 0.553125 0.06953125 0.22109375
2 0.8 0.5203125 0.07578125 0.22109375
0 0.384375 0.0859375 0.02109375 0.03203125
2 0.9078125 0.5203125 0.08671875 0.21640625
2 0.903125 0.4859375 0.0375 0.13515625
2 0.965625 0.48671875 0.03671875 0.1390625
2 0.746875 0.484375 0.034375 0.13046875
2 0.603125 0.4859375 0.02734375 0.12421875
2 0.51796875 0.5265625 0.0796875 0.1875
2 0.17421875 0.5 0.0328125 0.24609375