3 0.3703125 0.38671875 0.190625 0.1640625
0 0.3921875 0.2125 0.096875 0.08125
2 0.87421875 0.8078125 0.2234375 0.3
2 0.665625 0.8234375 0.246875 0.3375
2 0.54609375 0.84609375 0.1953125 0.3078125
3 0.63671875 0.63125 0.0421875 0.034375
2 0.10234375 0.84453125 0.0953125 0.1609375
2 0.28125 0.8125 0.059375 0.134375
2 0.32265625 0.803125 0.0578125 0.13125
2 0.3515625 0.796875 0.065625 0.13125
2 0.3953125 0.79375 0.065625 0.115625
2 0.42109375 0.78515625 0.0453125 0.1109375
2 0.4515625 0.775 0.05 0.1125
2 0.4953125 0.77109375 0.059375 0.1078125
2 0.78671875 0.73125 0.0421875 0.0875
2 0.81015625 0.71484375 0.0390625 0.0671875
2 0.83515625 0.70234375 0.0359375 0.0578125
2 0.97265625 0.7015625 0.0484375 0.11875
2 0.984375 0.6953125 0.03125 0.08125
2 0.96484375 0.8109375 0.0703125 0.240625