2 0.7078125 0.715625 0.09609375 0.35625
2 0.5421875 0.70625 0.06171875 0.28125
2 0.28984375 0.721875 0.0390625 0.296875
2 0.3671875 0.71328125 0.05 0.2765625
2 0.4375 0.709375 0.07109375 0.27265625
2 0.2078125 0.7140625 0.05546875 0.30234375
2 0.15625 0.71640625 0.05 0.2921875
2 0.1140625 0.7109375 0.04765625 0.27421875
0 0.59609375 0.15859375 0.0359375 0.0546875
3 0.5734375 0.240625 0.07109375 0.02734375
0 0.55078125 0.65390625 0.0296875 0.0453125
0 0.4140625 0.67734375 0.02890625 0.0421875
0 0.3734375 0.69296875 0.028125 0.0453125
0 0.0890625 0.66484375 0.015625 0.0421875
0 0.125 0.6796875 0.02734375 0.04375
0 0.16640625 0.68046875 0.0265625 0.0453125
0 0.22109375 0.68359375 0.0265625 0.0453125
0 0.3 0.68125 0.02734375 0.046875
2 0.0765625 0.70390625 0.046875 0.2703125
2 0.03046875 0.7140625 0.0609375 0.315625