2 0.75078125 0.6625 0.1734375 0.36875
2 0.58671875 0.690625 0.1234375 0.2875
2 0.34453125 0.76328125 0.1046875 0.2984375
2 0.41953125 0.7375 0.1109375 0.28125
2 0.4859375 0.71875 0.13125 0.28125
2 0.2625 0.77421875 0.121875 0.3078125
2 0.21484375 0.78828125 0.1140625 0.2953125
2 0.17265625 0.7921875 0.1078125 0.278125
0 0.515625 0.14609375 0.046875 0.0609375
3 0.5125 0.23203125 0.075 0.0421875
0 0.58359375 0.63984375 0.0390625 0.0515625
0 0.4578125 0.6921875 0.0375 0.046875
0 0.4203125 0.7171875 0.0375 0.05
0 0.1359375 0.75390625 0.025 0.0453125
0 0.17578125 0.75859375 0.0359375 0.0484375
0 0.21484375 0.75 0.0359375 0.05
0 0.26953125 0.740625 0.0359375 0.05
0 0.346875 0.72265625 0.0375 0.0515625
2 0.134375 0.79453125 0.10625 0.2734375
2 0.09140625 0.8140625 0.1296875 0.321875