2 0.65390625 0.75625 0.1734375 0.36875
2 0.49453125 0.709375 0.1234375 0.2875
2 0.24453125 0.66953125 0.1046875 0.2984375
2 0.32265625 0.678125 0.1109375 0.28125
2 0.3921875 0.690625 0.13125 0.28125
2 0.1671875 0.64296875 0.121875 0.3078125
2 0.11640625 0.63359375 0.1140625 0.2953125
2 0.07734375 0.61875 0.1078125 0.278125
0 0.6703125 0.18828125 0.046875 0.0609375
3 0.6296875 0.26328125 0.075 0.0421875
0 0.51484375 0.66171875 0.0390625 0.0515625
0 0.378125 0.653125 0.0375 0.046875
0 0.334375 0.659375 0.0375 0.05
0 0.0625 0.56796875 0.025 0.0453125
0 0.09453125 0.58984375 0.0359375 0.0484375
0 0.13359375 0.6 0.0359375 0.05
0 0.18828125 0.615625 0.0359375 0.05
0 0.2640625 0.63203125 0.0375 0.0515625
2 0.046875 0.60234375 0.09375 0.2734375
2 0.0296875 0.603125 0.059375 0.321875