2 0.975 0.7140625 0.05 0.259375
2 0.8203125 0.69296875 0.07421875 0.3484375
2 0.703125 0.5671875 0.0625 0.37734375
2 0.6359375 0.6171875 0.075 0.39765625
2 0.453125 0.6796875 0.065625 0.296875
2 0.528125 0.671875 0.07109375 0.30703125
2 0.3359375 0.67265625 0.10078125 0.3859375
2 0.2703125 0.665625 0.065625 0.334375
3 0.3015625 0.3078125 0.0625 0.08984375
2 0.2453125 0.653125 0.07578125 0.33984375
2 0.4953125 0.6484375 0.05625 0.30546875
0 0.68515625 0.36328125 0.0296875 0.0453125
4 0.70234375 0.54921875 0.0640625 0.4171875