0 0.50546875 0.396875 0.0390625 0.06015625
0 0.646875 0.1796875 0.03125 0.04921875
2 0.1328125 0.58203125 0.10546875 0.4421875
2 0.284375 0.64140625 0.18671875 0.5046875
2 0.38359375 0.6109375 0.0703125 0.39296875
2 0.459375 0.6078125 0.08203125 0.36640625
2 0.73515625 0.61796875 0.0984375 0.4671875
2 0.8203125 0.6734375 0.10234375 0.49921875
0 0.42734375 0.246875 0.0328125 0.04921875
3 0.4328125 0.25234375 0.06328125 0.0734375
1 0.43359375 0.2515625 0.0640625 0.07578125
4 0.70703125 0.5015625 0.1546875 0.69921875