3 0.2484375 0.53515625 0.090625 0.1109375
2 0.47890625 0.790625 0.1296875 0.36875
2 0.40234375 0.77421875 0.1421875 0.3703125
2 0.33203125 0.7875 0.1484375 0.35
2 0.6703125 0.73671875 0.140625 0.3734375
2 0.8140625 0.671875 0.125 0.284375
2 0.9140625 0.70234375 0.140625 0.3296875
0 0.22890625 0.2703125 0.0453125 0.059375
0 0.9 0.66953125 0.065625 0.0796875
0 0.7796875 0.625 0.046875 0.059375
3 0.58359375 0.47890625 0.0671875 0.0828125
2 0.6921875 0.6515625 0.09375 0.259375
2 0.85078125 0.590625 0.0828125 0.203125
0 0.65703125 0.56640625 0.0296875 0.0390625
0 0.934375 0.6234375 0.03125 0.046875