3 0.24609375 0.49921875 0.0765625 0.1015625
2 0.43828125 0.784375 0.0796875 0.36171875
2 0.365625 0.75625 0.09375 0.36015625
2 0.29296875 0.7609375 0.1015625 0.33984375
2 0.634375 0.7578125 0.09140625 0.36484375
2 0.7875 0.7140625 0.0875 0.275
2 0.8828125 0.7578125 0.096875 0.31875
0 0.2625 0.234375 0.03828125 0.05390625
0 0.871875 0.7234375 0.05625 0.071875
0 0.76015625 0.66171875 0.0390625 0.0546875
3 0.58671875 0.490625 0.0578125 0.07578125
2 0.66875 0.6765625 0.059375 0.25390625
2 0.834375 0.6375 0.05546875 0.19765625
0 0.646875 0.5875 0.025 0.03515625
0 0.9125 0.6828125 0.02578125 0.04296875