0 0.35390625 0.825 0.0484375 0.07265625
0 0.2640625 0.80625 0.04375 0.06796875
0 0.20234375 0.796875 0.0453125 0.06328125
2 0.49765625 0.584375 0.0953125 0.396875
2 0.4109375 0.621875 0.090625 0.50703125
2 0.06875 0.6453125 0.121875 0.44375
2 0.8296875 0.621875 0.09375 0.45546875
2 0.26484375 0.60703125 0.0578125 0.2515625
0 0.47421875 0.3640625 0.0421875 0.065625
3 0.2578125 0.24140625 0.065625 0.1265625
0 0.2328125 0.584375 0.01875 0.03046875
2 0.121875 0.6109375 0.078125 0.44140625
2 0.8984375 0.6125 0.071875 0.453125