0 0.39765625 0.4609375 0.0265625 0.04375
3 0.62734375 0.31953125 0.0546875 0.0578125
2 0.06171875 0.43671875 0.0515625 0.1734375
2 0.48125 0.89453125 0.1125 0.2109375
2 0.1578125 0.821875 0.13125 0.315625
2 0.15546875 0.52890625 0.1015625 0.1859375
2 0.86796875 0.70703125 0.1359375 0.2890625
2 0.58671875 0.40546875 0.0421875 0.1109375
2 0.56953125 0.571875 0.0984375 0.246875
2 0.4109375 0.5609375 0.078125 0.234375
2 0.47421875 0.62265625 0.1015625 0.2390625
2 0.4921875 0.47265625 0.0875 0.0953125