3 0.2453125 0.32578125 0.05625 0.1328125
2 0.0171875 0.75703125 0.034375 0.4171875
2 0.2453125 0.75 0.06796875 0.41640625
2 0.315625 0.753125 0.0625 0.30390625
2 0.9453125 0.73671875 0.06875 0.2609375
2 0.8453125 0.759375 0.0625 0.18203125
2 0.6796875 0.70625 0.03359375 0.153125
0 0.5671875 0.6015625 0.02734375 0.05234375
2 0.5671875 0.6734375 0.04140625 0.15859375
2 0.61484375 0.7890625 0.0765625 0.33515625
2 0.5484375 0.7921875 0.10625 0.390625
2 0.42578125 0.7828125 0.1265625 0.434375
4 0.56875 0.6609375 0.03984375 0.17734375