3 0.23203125 0.3484375 0.0671875 0.1375
2 0.0421875 0.7953125 0.071875 0.409375
2 0.26796875 0.77265625 0.1046875 0.4203125
2 0.33828125 0.76796875 0.0890625 0.3078125
2 0.959375 0.696875 0.08125 0.265625
2 0.8671875 0.7296875 0.078125 0.1875
2 0.696875 0.690625 0.046875 0.15625
0 0.5765625 0.59453125 0.03125 0.0546875
2 0.58359375 0.66640625 0.0546875 0.1609375
2 0.6390625 0.7796875 0.10625 0.340625
2 0.5734375 0.78671875 0.140625 0.3984375
2 0.45078125 0.7828125 0.1640625 0.434375
4 0.58203125 0.65390625 0.0546875 0.1796875