3 0.5515625 0.153125 0.02265625 0.03515625
3 0.675 0.2671875 0.0375 0.05546875
0 0.3703125 0.2890625 0.0125 0.01640625
0 0.41640625 0.40625 0.0140625 0.02109375
0 0.6515625 0.46171875 0.01796875 0.0296875
0 0.0875 0.8203125 0.025 0.04453125
2 0.075 0.84375 0.071875 0.31171875
2 0.1921875 0.85625 0.06015625 0.28671875
2 0.4390625 0.571875 0.046875 0.228125
2 0.66875 0.509375 0.05078125 0.209375
2 0.396875 0.390625 0.03359375 0.18515625
2 0.346875 0.275 0.02421875 0.125
2 0.3625 0.26875 0.01484375 0.071875
2 0.428125 0.26796875 0.025 0.1015625
2 0.503125 0.28984375 0.02734375 0.1046875
2 0.4859375 0.296875 0.01875 0.103125
2 0.4984375 0.2671875 0.02265625 0.09609375
2 0.525 0.2359375 0.009375 0.07578125
2 0.5171875 0.2390625 0.00859375 0.07890625
2 0.5078125 0.2125 0.01953125 0.075
2 0.490625 0.23515625 0.01171875 0.0609375
2 0.4859375 0.21875 0.009375 0.06953125
2 0.47265625 0.2375 0.0109375 0.07890625
2 0.4609375 0.23203125 0.01640625 0.0859375