1 0.246875 0.203125 0.04609375 0.06953125
2 0.078125 0.3625 0.053125 0.22421875
2 0.3015625 0.434375 0.10078125 0.23125
2 0.340625 0.3890625 0.05 0.159375
2 0.3421875 0.56796875 0.06640625 0.3109375
2 0.3984375 0.5484375 0.05078125 0.24609375
2 0.44765625 0.54375 0.0515625 0.28125
2 0.43125 0.75 0.06953125 0.33203125
2 0.1828125 0.8625 0.084375 0.275
2 0.61796875 0.43125 0.0640625 0.26015625
2 0.73046875 0.5578125 0.0546875 0.30625
2 0.7984375 0.409375 0.05 0.228125
2 0.9 0.58125 0.04921875 0.29921875
2 0.959375 0.7984375 0.08125 0.40078125
0 0.2453125 0.2171875 0.02109375 0.03984375
3 0.246875 0.203125 0.04609375 0.06953125