3 0.38984375 0.36875 0.1703125 0.13984375
0 0.4375 0.2 0.08671875 0.06796875
2 0.82109375 0.8625 0.1828125 0.275
2 0.6125 0.84375 0.20078125 0.31015625
2 0.49140625 0.853125 0.1515625 0.29375
3 0.6140625 0.6515625 0.03828125 0.028125
2 0.053125 0.77734375 0.07265625 0.1515625
2 0.2359375 0.775 0.03984375 0.13046875
2 0.2765625 0.771875 0.03828125 0.12734375
2 0.3078125 0.7703125 0.046875 0.12578125
2 0.35078125 0.7734375 0.0484375 0.109375
2 0.3765625 0.76875 0.02890625 0.10703125
2 0.40859375 0.7640625 0.0328125 0.109375
2 0.453125 0.76640625 0.04375 0.1015625
2 0.746875 0.7734375 0.02890625 0.084375
2 0.771875 0.76015625 0.02890625 0.0640625
2 0.7984375 0.7515625 0.02734375 0.05390625
2 0.9359375 0.7734375 0.03046875 0.11484375
2 0.9609375 0.771875 0.046875 0.07421875
2 0.94609375 0.88515625 0.1078125 0.2265625