2 0.79453125 0.6140625 0.0765625 0.28515625
2 0.1796875 0.603125 0.09921875 0.42421875
2 0.3328125 0.6125 0.190625 0.39296875
3 0.8453125 0.284375 0.06015625 0.09140625
0 0.7140625 0.3953125 0.02734375 0.03984375
2 0.7203125 0.54453125 0.065625 0.3328125
4 0.72109375 0.5421875 0.0640625 0.33828125
2 0.5234375 0.590625 0.08671875 0.24140625
2 0.440625 0.5828125 0.059375 0.20859375
2 0.2390625 0.5953125 0.05546875 0.290625
2 0.1015625 0.5609375 0.05 0.23984375
3 0.23515625 0.4421875 0.0203125 0.03125