2 0.96640625 0.52265625 0.0671875 0.2453125
2 0.82421875 0.54765625 0.0765625 0.2609375
2 0.48984375 0.6109375 0.1046875 0.334375
2 0.36875 0.60859375 0.11875 0.2984375
2 0.42734375 0.58671875 0.0921875 0.2765625
2 0.5703125 0.59609375 0.159375 0.2984375
3 0.34296875 0.37109375 0.0546875 0.1203125
0 0.3453125 0.30703125 0.025 0.0359375
2 0.63515625 0.54609375 0.0609375 0.1671875
3 0.71328125 0.3796875 0.0265625 0.021875
0 0.92109375 0.56015625 0.0171875 0.0234375
0 0.93828125 0.55703125 0.0171875 0.0234375