1 0.32890625 0.228125 0.0671875 0.109375
0 0.3265625 0.24765625 0.03046875 0.0609375
3 0.32890625 0.228125 0.0671875 0.109375
2 0.0421875 0.721875 0.084375 0.553125
2 0.275 0.7125 0.08984375 0.390625
2 0.35078125 0.6953125 0.1140625 0.43203125
2 0.41875 0.6703125 0.05390625 0.321875
2 0.453125 0.6953125 0.059375 0.30859375
2 0.4828125 0.6546875 0.05390625 0.328125
2 0.5703125 0.6515625 0.09453125 0.38203125
2 0.678125 0.6484375 0.1125 0.48046875
2 0.85625 0.5765625 0.0625 0.34140625
2 0.91640625 0.59453125 0.0796875 0.5265625
2 0.95 0.621875 0.1 0.684375