2 0.034375 0.553125 0.0375 0.22109375
2 0.25546875 0.5578125 0.0859375 0.2875
2 0.334375 0.5359375 0.03203125 0.175
2 0.45 0.5515625 0.03203125 0.2
2 0.3546875 0.55625 0.03515625 0.18984375
2 0.55625 0.525 0.078125 0.27734375
2 0.40625 0.5453125 0.02109375 0.14609375
2 0.42734375 0.54375 0.0390625 0.19140625
2 0.63125 0.5421875 0.07109375 0.33984375
2 0.7828125 0.5265625 0.046875 0.21875
0 0.6265625 0.359375 0.02109375 0.04375
3 0.5046875 0.353125 0.028125 0.0625
3 0.96953125 0.0765625 0.0609375 0.153125
4 0.63125 0.5234375 0.071875 0.375