4 0.628125 0.4375 0.04921875 0.2125
3 0.684375 0.353125 0.02265625 0.04140625
2 0.9078125 0.5265625 0.02578125 0.14921875
2 0.08046875 0.6078125 0.0703125 0.153125
2 0.334375 0.515625 0.02578125 0.125
2 0.2609375 0.4640625 0.03046875 0.13359375
2 0.4875 0.6359375 0.046875 0.19921875
2 0.53984375 0.46796875 0.0421875 0.1171875
2 0.6375 0.58671875 0.0625 0.1703125
2 0.6953125 0.52890625 0.040625 0.1484375
2 0.62265625 0.4640625 0.0390625 0.15625
2 0.66171875 0.48203125 0.0390625 0.1515625
0 0.646875 0.34453125 0.0125 0.0203125
2 0.46875 0.8203125 0.03984375 0.25390625