3 0.26875 0.29609375 0.071875 0.1390625
2 0.01640625 0.69765625 0.0328125 0.4171875
2 0.215625 0.71875 0.11875 0.421875
2 0.28671875 0.7296875 0.0984375 0.309375
2 0.9140625 0.78984375 0.1 0.2671875
2 0.8109375 0.80078125 0.084375 0.1890625
2 0.65234375 0.7265625 0.0515625 0.15625
0 0.55546875 0.60859375 0.0328125 0.0546875
2 0.54609375 0.6796875 0.0609375 0.1625
2 0.57890625 0.80234375 0.1171875 0.3421875
2 0.5125 0.796875 0.153125 0.4
2 0.3921875 0.771875 0.178125 0.446875
4 0.54765625 0.6671875 0.0609375 0.18125