3 0.484375 0.2765625 0.0375 0.053125
2 0.171875 0.38515625 0.071875 0.1734375
2 0.61875 0.52578125 0.14375 0.2203125
2 0.353125 0.55390625 0.128125 0.2609375
2 0.41171875 0.39765625 0.0984375 0.1953125
2 0.48203125 0.4515625 0.0828125 0.178125
2 0.47734375 0.4359375 0.0546875 0.134375
2 0.46171875 0.41640625 0.0953125 0.1984375
2 0.43828125 0.41015625 0.0828125 0.2046875
0 0.46015625 0.30859375 0.0171875 0.0234375
4 0.43984375 0.4046875 0.0859375 0.215625
2 0.28046875 0.60859375 0.1609375 0.3484375